842
-198
778
-259
-73
-935
739
703
595
906
-888
-669
-616
983
136
565
413
-797
802
534
-122
612
-180
-903
57
672
-406
326
-328
-328
169
-626
-196
571
519
-156
649
890
616
662
-239
121
812
273
-766
562
694
1004
-91
872
-13
8
-425
603
-65
-142
-254
-757
812
-648
325
877
587
-351
237
242
-748
364
508
-988
-591
-871
242
-220
755
373
-329
-462
906
636
132
-65
20
655
-332
-335
-311
593
-724
540
-298
951
671
117
431
156
276
-51
482
667
987
-735
-420
-449
-292
-609
-261
-928
-151
-68
-939
-550
-592
924
93
-529
-179
-68
-323
-848
-757
767
504
-58
-48
-382
611
-196
-877
292
-788
520
866
639
583
610
895
456
-625
-993
633
-940
496
942
944
999
417
383
-595
712
-138
-878
488
-740
-135
-854
145
-416
280
638
249
292
575
-166
808
-309
-544
-769
536
378
8
-504
685
-899
778
48
-468
-414
-369
40
684
-848
-171
186
312
-831
-34
-591
-891
0
-313
278
-358
674
-495
-946
145
-1012
147
651
178
-1019
490
840
-557
141
-408
-917
-444
825
-1016
713
-36
668
1013
-724
-1005
-395
935
-933
625
-257
-852
1003
137
69
-794
-712
-83
913
1018
-700
221
507
-382
-42
-520
-398
156
656
-637
-67
-946
818
535
1005
957
-803
-937
23
774
34
49
-80
-247
-543
128
-986
-311
718
513
-640
-124
593
-376
-428
134
-699
929
-611
-866
-13
992
-335
672
-462
-366
-663
392
928
-20
-572
-237
-697
854
146
922
764
402
993
243
-857
-362
620
-74
-758
535
210
372
-888
633
-134
657
-203
-245
-844
-562
519
589
-908
-111
855
986
535
782
-638
-618
94
33
-668
102
-869
135
-135
267
-439
620
-408
-832
-688
893
937
630
536
-213
214
-460
-596
-141
640
547
854
-984
-806
-1017
812
-366
72
1000
-467
579
-84
269
175
-846
-879
-356
-739
529
-545
-1014
-714
181
840
-787
57
-86
344
599
-996
694
-627
606
768
-492
-352
355
333
-748
-606
-176
153
-926
778
-716
175
978
514
669
-368
-194
723
-897
-78
370
-271
-616
123
-184
-341
-818
-502
660
-856
-675
359
855
151
594
-521
-768
-866
44
637
-282
-998
919
-370
-427
829
-865
-727
-121
464
436
-1004
943
-62
-239
-796
-806
-930
811
301
-138
-371
175
684
-31
-446
975
